port = "4100"
IP = "192.168.1.3"
#mode = "Interactive"
roll_target = -6340
pitch_target = 300
roll_gain = -0.05
pitch_gain = -0.05

z_acc_offset0 = -0.01697
z_acc_offset1 = -0.01047
z_acc_offset2 =  0.02745
x_acc_offset0 = -0.4102
x_acc_offset1 = 0.1867
x_acc_offset2 = 0.2234
y_acc_offset0 = -0.09475874988821009
y_acc_offset1 = -0.05360139523136723
y_acc_offset2 =  0.14836014511957732