port = "4300"
IP = "192.168.1.5"
#mode = "Interactive"
roll_target = 0
pitch_target = 0
roll_gain = -0.05
pitch_gain = -0.05

z_acc_offset0 = -0.014791023845820837
z_acc_offset1 = -0.01713497845030393
z_acc_offset2 = 0.03192600229612477
x_acc_offset0 = -0.02040260248824649
x_acc_offset1 = -0.37587093833862195
x_acc_offset2 = 0.39627354082686844
y_acc_offset0 = 0.18807561641248596
y_acc_offset1 = 0.1080712991359845
y_acc_offset2 = -0.2961469155484705



